# We can also configure the camera using .gt file
vup: -0.136552 0.126829 0.98248
lookfrom: 1.52125 -29.0591 4.65918
lookat: 1.45217 -28.071 4.52202
# cameras_batch: ./movementBatchs/output03.gt

samples_per_pixel: 3
sample_max_depth: 5
